# joiners  p_coll_mean p_coll_std  s_coll_mean s_coll_std  eta_mean eta_std  Ptx_mean_dBm Ptx_std_dBm   repeats=100 step=1 hopScope=2 fixedTx=-5.0
10 0.0127058380 0.0343461787 0.0127058380 0.0343461787 0.4140000000 0.2482341677 -5.0000000000 0.0000000000
11 0.0176962000 0.0338160991 0.0181723900 0.0355486242 0.4427272720 0.2592814849 -5.0000000000 0.0000000000
12 0.0156812310 0.0291588151 0.0160026590 0.0299288642 0.4766667250 0.2548848813 -5.0000000000 0.0000000000
13 0.0252029350 0.0362563206 0.0283140400 0.0456646470 0.5099999930 0.2463421236 -5.0000000000 0.0000000000
14 0.0241042630 0.0361915907 0.0256967210 0.0400961537 0.5364285940 0.2487849472 -5.0000000000 0.0000000000
15 0.0223864111 0.0303391298 0.0243604411 0.0390940418 0.5660000440 0.2327786337 -5.0000000000 0.0000000000
16 0.0267151679 0.0329389898 0.0279652499 0.0353370166 0.5937500000 0.2342750208 -5.0000000000 0.0000000000
17 0.0319756255 0.0375290103 0.0347721335 0.0458804700 0.6117646350 0.2329051541 -5.0000000000 0.0000000000
18 0.0349014450 0.0396552236 0.0368011840 0.0430808560 0.6399999760 0.2145824400 -5.0000000000 0.0000000000
19 0.0357105079 0.0324069775 0.0383682889 0.0402675974 0.6657894700 0.1995230650 -5.0000000000 0.0000000000
20 0.0466065674 0.0377429011 0.0496354044 0.0437962224 0.6745000000 0.1862027514 -5.0000000000 0.0000000000
21 0.0393376235 0.0393860448 0.0416611825 0.0423201314 0.6933334700 0.1806408204 -5.0000000000 0.0000000000
22 0.0495919583 0.0375377888 0.0527046963 0.0429060812 0.7045454700 0.1796820976 -5.0000000000 0.0000000000
23 0.0432098383 0.0359307288 0.0466077973 0.0421401743 0.7152173100 0.1774319957 -5.0000000000 0.0000000000
24 0.0464964286 0.0381282949 0.0500545516 0.0435599889 0.7137500000 0.1706854793 -5.0000000000 0.0000000000
25 0.0541075901 0.0380697312 0.0587678741 0.0436118560 0.7200000000 0.1658525571 -5.0000000000 0.0000000000
