# joiners  p_coll_mean p_coll_std  s_coll_mean s_coll_std  eta_mean eta_std  Ptx_mean_dBm Ptx_std_dBm   repeats=100 step=1 hopScope=2 pcMargin=3.0 txMin=-32.0 txMax=0.0 panCoordTx=0.0
10 0.0259029980 0.0273995415 0.0276685080 0.0310260082 0.8120000000 0.1683430840 -1.5996646400 0.6836225357
11 0.0372794180 0.0354866084 0.0393840330 0.0383847000 0.8272728400 0.1721487439 -1.7437289700 0.7248196290
12 0.0389648950 0.0338339485 0.0402924040 0.0352654586 0.8558333700 0.1548210890 -1.8237600200 0.6400255669
13 0.0465762960 0.0374279234 0.0500823090 0.0420966096 0.8692308800 0.1309723961 -1.9791951200 0.7013628793
14 0.0499185802 0.0377024373 0.0543005902 0.0456622302 0.8864285000 0.1103277641 -2.1009547200 0.6026661941
15 0.0505862684 0.0365304173 0.0531646244 0.0399537993 0.8953333500 0.1047705694 -2.1763301400 0.6359053237
16 0.0541226433 0.0390758314 0.0563316197 0.0422830298 0.8912500000 0.1053418557 -2.1667435500 0.6836674468
17 0.0571924454 0.0363638298 0.0612384834 0.0407222014 0.8958821800 0.1115017407 -2.3029752000 0.6717443748
18 0.0602136924 0.0336415457 0.0653475504 0.0394985936 0.8916666000 0.0984272311 -2.3069176200 0.6400247291
19 0.0601239294 0.0327163471 0.0632187274 0.0363179479 0.8968420500 0.0855945929 -2.4539297000 0.5990848821
20 0.0624835458 0.0351167749 0.0669381038 0.0404844872 0.8875000000 0.0894356605 -2.4177008000 0.6030997202
21 0.0571741240 0.0331653019 0.0626421340 0.0400151987 0.8790477300 0.1020686025 -2.5440182000 0.7334929365
22 0.0639490698 0.0323883696 0.0700606908 0.0380636319 0.8745453600 0.0990647340 -2.5260052000 0.6229370455
23 0.0635897884 0.0341944258 0.0677868314 0.0379825472 0.8678260300 0.0882468996 -2.5620392800 0.6559960776
24 0.0647059999 0.0369615226 0.0686125179 0.0409165174 0.8570833100 0.1007225231 -2.6522731000 0.6682424182
25 0.0700295610 0.0328929541 0.0769887840 0.0392318514 0.8512000000 0.0923900384 -2.6818045000 0.6821632891
