# joiners  p_coll_mean p_coll_std  s_coll_mean s_coll_std  eta_mean eta_std  Ptx_mean_dBm Ptx_std_dBm   repeats=100 step=1 hopScope=2
10 0.0395829680 0.0388887317 0.0418167230 0.0423033759 0.8740000000 0.1382575550 0.0000000000 0.0000000000
11 0.0481476940 0.0445859138 0.0510914230 0.0478885622 0.8818182800 0.1388658667 0.0000000000 0.0000000000
12 0.0578011480 0.0468663419 0.0605570540 0.0493828477 0.9041667000 0.1320939058 0.0000000000 0.0000000000
13 0.0621749540 0.0464038566 0.0656377930 0.0509395805 0.9076923900 0.1151901253 0.0000000000 0.0000000000
14 0.0738113091 0.0503470303 0.0782558281 0.0546643785 0.8928570500 0.1173031692 0.0000000000 0.0000000000
15 0.0785638924 0.0494981439 0.0817855694 0.0540173838 0.8793333100 0.1074946554 0.0000000000 0.0000000000
16 0.0798583420 0.0544132404 0.0874966440 0.0636154327 0.8581250000 0.1147485035 0.0000000000 0.0000000000
17 0.0773110142 0.0476803918 0.0846547892 0.0558996085 0.8452939300 0.1039753196 0.0000000000 0.0000000000
18 0.0807019953 0.0494206279 0.0900237033 0.0610952303 0.8233332300 0.1283922483 0.0000000000 0.0000000000
19 0.0778247572 0.0483203612 0.0875407412 0.0559660802 0.7968420800 0.1134557041 0.0000000000 0.0000000000
20 0.0868559066 0.0491803661 0.0934515166 0.0558381867 0.7895000000 0.1277811813 0.0000000000 0.0000000000
21 0.0872092796 0.0520920630 0.0981926996 0.0638635970 0.7685716300 0.1220205525 0.0000000000 0.0000000000
22 0.0885114472 0.0473662904 0.0997959102 0.0572549723 0.7513636400 0.1125437615 0.0000000000 0.0000000000
23 0.0852119676 0.0461079308 0.0941778276 0.0533904313 0.7217391000 0.1231302585 0.0000000000 0.0000000000
24 0.0945115584 0.0517195302 0.1038141914 0.0574959779 0.7075000200 0.1191798410 0.0000000000 0.0000000000
25 0.0864279711 0.0502372968 0.0966703381 0.0597717739 0.6956000000 0.1043529365 0.0000000000 0.0000000000
