# joiners  p_coll_mean p_coll_std  s_coll_mean s_coll_std  eta_mean eta_std  Ptx_mean_dBm Ptx_std_dBm   repeats=100 step=5
10 0.0382918910 0.0372504344 0.0394895770 0.0390631428 0.8600000000 0.1734964268 0.0000000000 0.0000000000
15 0.0801080240 0.0446012716 0.0848072060 0.0506664325 0.9453333100 0.0844231399 0.0000000000 0.0000000000
20 0.1286878700 0.0583266588 0.1378597430 0.0673325135 0.9645000000 0.0739556924 0.0000000000 0.0000000000
25 0.1879220100 0.0570572056 0.2057611400 0.0701085092 0.9580000000 0.0452601905 0.0000000000 0.0000000000
30 0.2271902600 0.0460564478 0.2520111700 0.0553916388 0.9306666700 0.0549829176 0.0000000000 0.0000000000
35 0.2616044700 0.0481043499 0.2945576500 0.0614002664 0.8934285400 0.0518239857 0.0000000000 0.0000000000
40 0.2950494700 0.0604408958 0.3321519900 0.0805187827 0.8360000000 0.0618853616 0.0000000000 0.0000000000
45 0.3117962400 0.0609632534 0.3606759600 0.0849654233 0.7968888800 0.0485242574 0.0000000000 0.0000000000
50 0.3279586400 0.0557923998 0.3729495800 0.0743133889 0.7524000000 0.0498709446 0.0000000000 0.0000000000
