# joiners   avg_p_coll   avg_s_coll   avg_eta   avg_P_tx_avg_dBm   repeats=100 step=5 pcMargin=3.0 txMin=-32.0 txMax=0.0 panCoordTx=0.0
10 0.0351478460 0.0367741060 0.8210000000 -1.6690425200
15 0.0588429471 0.0606622221 0.8879999700 -2.1185276800
20 0.0657626216 0.0700493866 0.9260000000 -2.6842414000
25 0.0785851990 0.0834810280 0.9456000000 -3.2025466000
30 0.0873388370 0.0953149900 0.9656667300 -3.4585880000
35 0.0933593500 0.0995735200 0.9668572200 -3.8091537000
40 0.1019544160 0.1101484050 0.9647500000 -4.2573411000
45 0.1086630050 0.1185698380 0.9606667900 -4.5780265000
50 0.1093875750 0.1181464510 0.9564000000 -4.9345039000
