# joiners  p_coll_mean p_coll_std  s_coll_mean s_coll_std  eta_mean eta_std  Ptx_mean_dBm Ptx_std_dBm   repeats=100 step=5 fixedTx=-10
10 0.0006122450 0.0061224500 0.0006122450 0.0061224500 0.1420000000 0.1457686004 -10.0000000000 0.0000000000
15 0.0058741520 0.0196515732 0.0058741520 0.0196515732 0.1699999270 0.1337954801 -10.0000000000 0.0000000000
20 0.0099974220 0.0233698790 0.0101164690 0.0235319644 0.2325000000 0.1671772482 -10.0000000000 0.0000000000
25 0.0138961411 0.0258870734 0.0143249821 0.0268981249 0.2736000000 0.1629743736 -10.0000000000 0.0000000000
30 0.0135442571 0.0221039621 0.0139906881 0.0229945325 0.2980000330 0.1618371114 -10.0000000000 0.0000000000
35 0.0203001035 0.0243808931 0.0217590445 0.0279018489 0.3337143400 0.1666916546 -10.0000000000 0.0000000000
40 0.0270466738 0.0280579773 0.0279132847 0.0292416340 0.3742500000 0.1748179067 -10.0000000000 0.0000000000
45 0.0334068542 0.0276999363 0.0339039602 0.0286720302 0.3773333410 0.1547350480 -10.0000000000 0.0000000000
50 0.0374824824 0.0282644952 0.0385060994 0.0293704400 0.4128000000 0.1795059437 -10.0000000000 0.0000000000
