# joiners  p_coll_mean p_coll_std  s_coll_mean s_coll_std  eta_mean eta_std  Ptx_mean_dBm Ptx_std_dBm   repeats=100 step=5 fixedTx=-5
10 0.0116548150 0.0249924731 0.0122755680 0.0265468923 0.4280000000 0.2632661978 -5.0000000000 0.0000000000
15 0.0264589171 0.0329103876 0.0276840241 0.0349762491 0.5766666170 0.1947400189 -5.0000000000 0.0000000000
20 0.0432326566 0.0401240491 0.0451029006 0.0431705962 0.6685000000 0.1889170359 -5.0000000000 0.0000000000
25 0.0650534420 0.0384080877 0.0695250990 0.0417746753 0.7500000000 0.2007963942 -5.0000000000 0.0000000000
30 0.0762510621 0.0340907158 0.0812047871 0.0378359935 0.7873332900 0.1448541137 -5.0000000000 0.0000000000
35 0.0943257051 0.0394356297 0.0999372021 0.0439846020 0.8308571600 0.1395980790 -5.0000000000 0.0000000000
40 0.1212661040 0.0360560183 0.1309902480 0.0429987155 0.8565000000 0.1016666667 -5.0000000000 0.0000000000
45 0.1407772560 0.0394005401 0.1503575920 0.0448550072 0.8668889100 0.0856593775 -5.0000000000 0.0000000000
50 0.1528303610 0.0427053861 0.1644137450 0.0494826976 0.8662000000 0.0851235584 -5.0000000000 0.0000000000
