# joiners  p_coll_mean p_coll_std  s_coll_mean s_coll_std  eta_mean eta_std  Ptx_mean_dBm Ptx_std_dBm   repeats=100 step=5 fixedTx=-15
10 0.0017857160 0.0117687168 0.0017857160 0.0117687168 0.0640000000 0.0882146143 -15.0000000000 0.0000000000
15 0.0010000000 0.0076662515 0.0010000000 0.0076662515 0.0619999780 0.0704355395 -15.0000000000 0.0000000000
20 0.0007551020 0.0062728393 0.0007551020 0.0062728393 0.0720000000 0.0832787700 -15.0000000000 0.0000000000
25 0.0023779440 0.0113725401 0.0023779440 0.0113725401 0.0792000000 0.0839393721 -15.0000000000 0.0000000000
30 0.0017625230 0.0075611928 0.0017625230 0.0075611928 0.0916666580 0.0840040446 -15.0000000000 0.0000000000
35 0.0023015880 0.0117079913 0.0023015880 0.0117079913 0.0865714560 0.0745997427 -15.0000000000 0.0000000000
40 0.0049577570 0.0149518853 0.0050876270 0.0154134374 0.0920000000 0.0724638538 -15.0000000000 0.0000000000
45 0.0052018407 0.0132826948 0.0052018407 0.0132826948 0.0995555300 0.0724040562 -15.0000000000 0.0000000000
50 0.0045770923 0.0117921569 0.0048151883 0.0128618497 0.1094000000 0.0868973620 -15.0000000000 0.0000000000
